Academic_Success_Center 7
   1411.3097 454.3551012 0
   1417.265249 493.2883956 0
   1423.13191 531.6216906 0
   1435.443009 530.3550252 0
   1452.231881 528.6216936 0
   1446.487442 491.221731 0
   1440.409671 451.6106595 0
Administrative_Services 8
   761.0992389 86.3776914 0
   776.3658903 111.4776663 0
   798.2992017 103.6332297 0
   801.1547544 107.555448 0
   833.5769442 95.7999042 0
   795.4325379 20.4999795 0
   763.0103481 32.2666344 0
   789.7103214 75.3999246 0
Alumni_Center 12
   1470.665196 1158.965508 0
   1516.431817 1152.643292 0
   1512.654043 1134.121088 1
   1512.354043 1133.176645 1
   1510.587378 1124.732209 1
   1509.742935 1118.498881 0
   1507.831826 1109.121113 0
   1480.698519 1112.876665 0
   1483.487405 1126.543318 0
   1491.042953 1125.498874 0
   1493.142951 1135.776642 0
   1466.676311 1139.443305 0
Barnes_Center 4
   2018.942425 616.1660505 0
   2030.342414 623.5771542 0
   2056.775721 596.1216261 0
   2045.375732 588.7105224 0
Barnett_Hall 6
   1771.164895 758.9770188 0
   1825.342619 758.6992413 0
   1825.198175 739.0214832 0
   1814.598185 739.0770387 0
   1787.898212 739.2103719 0
   1771.020451 739.2992607 0
Barre_Hall 12
   1436.331897 379.6218426 0
   1441.098559 381.9773958 0
   1439.18745 384.332949 0
   1516.431817 410.2107009 0
   1517.387372 407.8551477 0
   1523.109588 409.4329239 0
   1527.87625 398.444046 0
   1524.065143 396.8773809 0
   1525.976252 392.1773856 0
   1449.676328 367.0774107 0
   1447.77633 370.2107409 0
   1443.954112 368.6440758 0
Benet_Hall 8
   931.6990683 698.3215239 0
   935.7435087 698.0548575 0
   949.2434952 696.5215257 0
   976.1545794 693.7548618 0
   975.1768026 684.4548711 0
   974.1434703 674.6215476 0
   932.3101788 678.443766 0
   928.5324048 678.7104324 0
Biosystems_Research_Complex 20
   1770.19823 367.1662995 0
   1855.075923 370.2996297 0
   1860.798139 371.0885178 0
   1864.609247 370.2996297 0
   1864.609247 365.5996344 0
   1862.698137 362.4551931 0
   1865.564801 338.1441063 0
   1801.664865 336.5774412 0
   1802.62042 320.888568 0
   1854.120368 320.888568 0
   1854.120368 318.5330148 0
   1862.698137 318.5330148 0
   1863.653692 290.2997097 0
   1855.075923 290.2997097 0
   1854.120368 298.1441463 0
   1767.331566 296.5774812 0
   1766.387123 311.4774663 0
   1781.642663 312.2663544 0
   1781.642663 336.5774412 0
   1770.19823 335.7885531 0
Bowen_Hall 4
   1078.1767 1028.221194 0
   1080.032253 1041.565625 0
   1130.565536 1036.810074 0
   1128.709982 1023.476754 0
Brackett_Hall 15
   1322.054234 882.999117 0
   1329.398671 882.3768954 0
   1330.476447 890.887998 0
   1366.909744 887.7991122 0
   1365.309746 875.0657916 0
   1377.9764 873.999126 0
   1372.076406 826.999173 0
   1363.220859 827.7547278 0
   1362.265304 820.1658465 0
   1358.354197 820.4991795 0
   1357.398643 812.8658538 0
   1353.809757 813.1658535 0
   1335.35422 814.7325186 0
   1313.720909 816.5658501 0
   1320.943123 874.1324592 0
Bradley_Hall 4
   1023.776754 1048.098952 0
   1071.910039 1042.865624 0
   1069.69893 1029.121193 0
   1021.565645 1034.365632 0
Brooks_Center_for_the_Performing_Arts 46
   1376.254179 323.8552317 0
   1380.320842 346.5218757 0
   1384.14306 346.0552095 0
   1383.909727 344.7996552 0
   1400.731933 342.7552128 0
   1401.120821 344.9107662 0
   1417.454138 342.9329904 0
   1426.354129 315.9441285 0
   1429.009682 316.5441279 0
   1430.831903 311.0441334 0
   1434.04301 311.7552438 0
   1438.809672 297.3108138 0
   1434.565232 296.3552592 0
   1438.543006 296.4663702 0
   1439.876338 293.3108178 0
   1438.465228 293.2108179 0
   1440.209671 289.1441553 0
   1442.42078 289.777488 0
   1444.065223 285.9108252 0
   1442.531891 285.4663812 0
   1443.931889 282.1774956 0
   1445.476332 282.6219396 0
   1446.898553 279.2997207 0
   1445.109666 278.777499 0
   1454.954101 255.7219665 0
   1442.62078 252.1553034 0
   1439.209672 260.1552954 0
   1433.265233 258.4330749 0
   1430.165237 232.9331004 0
   1419.065248 227.5664391 0
   1404.298596 226.2997737 0
   1378.498621 229.8775479 0
   1373.620849 230.4664362 0
   1362.920859 231.555324 0
   1370.031963 278.6441658 0
   1383.043061 277.3219449 0
   1380.976397 263.555292 0
   1393.065274 262.3219599 0
   1395.820826 280.6441638 0
   1417.520805 278.4330549 0
   1414.965252 261.4664052 0
   1430.765236 270.7886181 0
   1406.776371 319.8219024 0
   1396.343048 322.7663439 0
   1395.75416 318.6219036 0
   1382.031951 319.9441245 0
Byrnes_Hall 8
   1917.509194 692.6326407 0
   1922.275856 697.3437471 0
   1948.98694 697.3437471 0
   1953.753602 693.4215288 0
   1954.709156 672.2437722 0
   1948.98694 668.3215539 0
   1922.275856 668.3215539 0
   1917.509194 671.4659952 0
Campbell_Museum_of_Natural_History 6
   1544.420678 713.2437312 0
   1561.787327 711.1770666 0
   1559.59844 698.7881901 0
   1545.242899 700.4992995 0
   1546.254009 706.2326271 0
   1543.242901 706.5881823 0
Campus_View_Apartments 12
   1414.565252 1306.143138 0
   1382.087507 1225.776552 0
   1360.409751 1231.654324 0
   1374.665292 1267.232066 0
   1353.009758 1273.098727 0
   1339.009772 1238.154317 0
   1319.143125 1243.543201 0
   1350.431983 1323.63201 0
   1336.587552 1326.96534 0
   1342.276436 1341.265325 0
   1432.887456 1316.909794 0
   1427.198573 1302.609808 0
Central_Energy_Facilities 4
   927.3546282 917.0879718 0
   955.221267 915.0657516 0
   950.6101605 872.3657943 0
   922.7546328 874.3991256 0
Chick-fil-A 13
   1171.987717 603.5105076 0
   1183.554372 603.0438414 0
   1183.798816 601.9216203 0
   1193.198807 601.332732 0
   1193.098807 599.5771782 0
   1197.47658 595.6771821 0
   1194.354361 593.9105172 0
   1192.487696 581.1438633 0
   1190.09881 581.3994186 0
   1188.832145 575.3883135 0
   1170.276608 576.888312 0
   1171.187718 583.1660835 0
   1169.476608 583.3216389 0
Chilled_Water_Plant 4
   913.5435309 450.9439935 0
   959.3657073 438.6440058 0
   953.0101581 422.6106885 0
   907.1879817 434.8995651 0
Clemson_University_Foundation 22
   1523.220699 1202.93213 0
   1532.187357 1198.954357 0
   1534.965132 1203.198797 0
   1539.909571 1200.998799 0
   1541.187348 1202.954353 0
   1536.398464 1205.076573 0
   1539.265127 1209.443235 0
   1537.109574 1210.39879 0
   1540.609571 1215.743229 0
   1544.498456 1214.021008 0
   1545.776232 1215.976562 0
   1548.765118 1214.654341 0
   1553.154002 1221.454334 0
   1549.331784 1223.109888 1
   1538.27624 1227.932105 1
   1534.076244 1229.79877 0
   1529.431804 1222.720999 0
   1533.654022 1220.854335 0
   1532.52069 1219.143225 0
   1536.142908 1217.532116 0
   1532.687356 1212.276566 0
   1530.109581 1213.421009 0
Cook_Engineering_Laboratory 4
   1210.143234 592.1882967 0
   1230.798769 589.7105214 0
   1226.532107 565.6438788 0
   1205.876572 568.1216541 0
Cope_Hall 7
   945.5768322 793.7547618 0
   952.7212695 792.8992071 0
   990.2767875 789.0992109 0
   989.2323441 780.1547754 0
   988.0434564 770.110341 0
   948.999051 774.0325593 0
   942.887946 774.6436698 0
Core_Campus_Building_A 6
   973.1212491 811.8991881 0
   1041.087848 806.0436384 0
   1044.4434 832.3880565 0
   992.0656746 836.8991631 0
   995.3545602 862.6880262 0
   979.7656869 864.0324693 0
Core_Campus_Building_B 12
   1005.176773 910.5990894 0
   1014.121208 909.887979 0
   1022.987866 909.221313 0
   1053.187836 906.8546487 0
   1045.332288 839.1769386 0
   1017.998982 841.4102697 0
   1009.165657 841.9658247 0
   998.5878903 842.8436016 0
   1001.41011 867.1546884 0
   983.2990167 868.5769092 0
   985.4101257 886.776891 0
   1002.254553 885.4546701 0
Core_Campus_Building_C 10
   986.1434583 945.7546098 0
   979.9434645 892.7546628 0
   995.3656713 891.5324418 0
   998.443446 917.7990822 0
   1014.832318 916.4324169 0
   1023.698976 915.7879731 0
   1052.243392 913.5435309 0
   1055.376722 940.3435041 0
   1036.154519 941.8657248 1
   1015.632318 943.4212788 1
Core_Campus_Building_D 8
   1015.632318 943.4212788 1
   1016.587872 953.1323802 0
   991.6212306 954.887934 0
   994.8767829 986.0545695 0
   1069.265597 980.8101303 0
   1066.065601 950.110161 0
   1037.176741 952.1546034 0
   1036.154519 941.8657248 1
Daniel_Hall 4
   1458.098542 658.9660077 0
   1550.842894 649.8437946 0
   1548.88734 632.1771456 0
   1455.165212 641.1882477 0
Dillard_Building 4
   902.9768748 854.3658123 0
   951.8101593 849.8547057 0
   947.9768298 821.8102893 0
   899.1435453 826.3213959 0
Donaldson_Hall 4
   1086.121136 1088.343356 0
   1136.66553 1083.587805 0
   1134.809976 1070.254485 0
   1084.265582 1074.998925 0
Douthit_Hills_A 6
   1647.342797 972.0545835 0
   1648.620574 954.6879342 0
   1735.620487 959.0212632 0
   1734.009377 980.9767968 0
   1673.253882 977.9545776 0
   1673.598326 973.3545822 0
Douthit_Hills_B 8
   1775.909335 999.2323341 0
   1774.831558 1015.45454 0
   1748.209363 1014.265652 0
   1749.464917 995.3767824 0
   1704.753851 993.3656733 0
   1702.031631 1034.398966 0
   1797.77598 1038.698961 0
   1800.320422 1000.332333 0
Douthit_Hills_C 8
   1852.264814 988.7323446 0
   1852.898147 981.8990181 0
   1806.66486 978.9767988 0
   1806.020416 985.8101253 0
   1778.509333 984.0767937 0
   1780.764886 959.8657068 0
   1881.120341 966.1990338 0
   1878.864788 990.4101207 0
Douthit_Hills_D 4
   1848.575929 1004.04344 0
   1927.998072 1006.776771 0
   1926.998073 1026.387862 0
   1847.587041 1023.654532 0
Douthit_Hills_E 10
   2163.975614 1018.198982 0
   2162.553393 1036.876741 0
   2111.264555 1034.24341 0
   2112.664554 1015.843429 0
   2116.308995 1016.032317 0
   2118.38677 988.7212335 0
   2081.764585 986.8323465 0
   2083.153472 968.5212537 0
   2146.186743 971.7656949 0
   2142.731191 1017.110094 0
Douthit_Hills_F 6
   2176.164491 1019.743425 0
   2246.719976 1023.154532 0
   2245.408866 1041.521181 0
   2197.420025 1039.198961 0
   2196.142248 1057.054498 0
   2173.575604 1055.965611 0
Douthit_Hills_G 10
   2179.764487 1003.621219 0
   2181.864485 969.5768082 0
   2260.508851 972.8545827 0
   2259.675518 986.4212358 0
   2289.008822 987.6434568 0
   2287.808823 1007.121215 0
   2235.431098 1004.932328 0
   2236.475541 988.0101231 0
   2202.264464 986.5879023 0
   2201.153354 1004.510107 0
Douthit_Hills_HUB 9
   1980.375797 978.88791 0
   2023.23131 980.7323526 0
   2021.320201 1010.743434 0
   2040.220182 1011.565655 0
   2038.342406 1040.932292 0
   1959.398041 1037.521185 0
   1960.886928 1014.187875 0
   1962.042482 996.1212261 0
   1979.220243 996.8656698 0
Earle_Hall 12
   991.2101199 495.1772826 0
   919.9879689 515.6328177 0
   917.7101934 510.2661564 0
   890.5435539 518.0661486 0
   881.9213403 497.7550578 0
   914.8990851 488.2884006 0
   919.2879696 498.6217236 0
   941.3212809 492.2883966 0
   931.665735 469.5439749 0
   951.5101596 463.8439806 0
   961.2101499 486.6995133 0
   984.7323486 479.9439645 0
Edwards_Hall 14
   1611.753944 613.3771644 0
   1620.342824 611.8104993 0
   1645.165022 621.9549336 0
   1664.020558 628.3771494 0
   1666.120556 625.1438193 0
   1679.098321 629.3660373 0
   1683.876094 621.7104894 0
   1671.842773 616.5104946 0
   1677.564989 607.0993929 0
   1637.509474 592.1994078 0
   1636.553919 583.5771942 0
   1625.109486 583.5771942 0
   1625.65393 591.7105194 0
   1609.442835 595.6327377 0
Endocrine_Physiology_Laboratory 8
   1536.342908 2.3444421 0
   1539.198461 25.0888638 0
   1549.687339 24.3110868 0
   1547.787341 13.33332 0
   1553.509558 12.5444319 0
   1553.509558 2.3444421 0
   1545.876232 3.133330199 0
   1544.920677 0 0
Facilities_Operations 13
   928.665738 950.4990495 0
   932.4324009 975.5990244 0
   937.6990623 975.2545803 0
   939.665727 984.7879041 0
   951.9657147 983.3101278 0
   956.9323764 1010.010101 0
   961.4657052 1009.754546 0
   964.3212579 1028.576749 0
   920.9435235 1031.176747 1
   922.5435219 1042.543402 1
   977.5990224 1039.265627 0
   961.0434834 947.5657191 0
   939.6990603 949.6212726 0
Fike_Recreation_Center 16
   693.8548617 1076.932256 0
   704.1770736 1077.821144 0
   702.3992976 1091.698908 0
   755.2881336 1096.276682 0
   757.1214651 1081.910029 0
   783.4103277 1084.198916 0
   784.5881043 1075.032258 0
   826.9769508 1078.743366 0
   832.9769448 1032.398968 0
   814.1436303 1030.743414 0
   814.6880742 1026.56564 0
   796.8992031 1024.987864 0
   800.1880887 999.8767779 0
   792.4880964 999.0323343 1
   728.7992712 993.6990063 1
   704.554851 991.665675 1
Fluor-Daniel_Engineering_Innovation_Building 12
   1072.02115 457.9662087 0
   1089.454466 452.8551027 0
   1094.487794 464.4662022 0
   1022.032311 485.6884032 0
   1017.598982 475.443969 0
   1004.887884 479.1661875 0
   992.7990072 451.2439932 0
   1005.432328 447.5439969 0
   999.3990006 433.6106775 0
   1073.921148 411.7884771 0
   1079.510032 424.6995753 0
   1060.076718 430.3884585 0
Fort_Hill 12
   1063.53227 744.9103662 0
   1072.665594 744.8659218 0
   1072.921149 748.1214741 0
   1087.887801 748.1214741 0
   1087.632246 745.3992546 0
   1093.854462 745.3548102 0
   1093.498907 729.9548256 0
   1081.176697 730.1214921 0
   1081.51003 734.5103766 0
   1068.543376 734.5437099 0
   1068.243376 738.6881502 0
   1063.610048 738.7103724 0
Freeman_Hall 14
   1177.865489 550.0661166 0
   1180.598819 566.3883225 0
   1228.78766 561.6105495 0
   1219.89878 498.4995015 0
   1156.187733 504.7550508 0
   1155.765511 508.8661578 0
   1152.743292 508.8550467 0
   1152.62107 507.0772707 0
   1146.96552 507.221715 0
   1152.921069 545.3883435 0
   1157.987731 545.1994548 0
   1157.898842 543.1439013 0
   1161.376616 542.7105684 0
   1162.821059 551.6772261 0
Geer_Hall 7
   883.0880058 775.2436692 0
   889.6991103 775.1325582 0
   930.0435144 770.5103406 0
   928.6324047 761.0214612 0
   927.2990727 752.0659146 0
   887.0102241 756.999243 0
   880.3435641 756.7992432 0
Godfrey_Hall 12
   1180.09882 1090.221132 0
   1226.376551 1085.543359 0
   1219.121003 1036.943407 0
   1185.498815 1040.332293 0
   1186.587702 1047.632286 0
   1187.665479 1054.84339 0
   1188.543256 1060.698939 0
   1182.176596 1061.332272 0
   1182.832151 1065.743379 0
   1187.654368 1065.25449 0
   1190.565476 1084.721137 0
   1179.443265 1085.85447 0
Godley-Snell_Research_Center 8
   1757.720465 106.6887822 0
   1831.153724 130.2109809 0
   1846.409265 101.1998988 0
   1819.709291 91.7887971 0
   1817.798182 97.2776805 0
   1794.909316 90.2110209 0
   1796.820425 86.2888026 0
   1771.064896 77.666589 0
Greenhouse_Complex 4
   1755.976022 293.6885952 0
   1827.198173 295.1663715 0
   1829.69817 213.8664528 0
   1758.476019 212.3886765 0
Hardin_Hall 9
   1307.354248 778.8658878 0
   1310.598689 804.554751 0
   1333.076445 802.6325307 0
   1332.187557 795.5658711 0
   1329.38756 773.4325599 0
   1340.154215 772.5103386 0
   1337.276441 749.7214725 0
   1288.398712 753.888135 0
   1291.720931 780.1992198 0
Harris_A._Smith_Building 6
   1047.398953 405.9773718 0
   1053.076725 404.44404 0
   1051.776726 401.1773766 0
   1070.176708 396.2107149 0
   1053.921168 355.4885334 0
   1029.843415 361.999638 0
Hendrix_Student_Center 18
   1784.475993 530.0105811 0
   1784.375993 538.0883508 0
   1780.587108 545.0994549 0
   1769.109342 566.3216559 0
   1802.498197 578.8660878 0
   1806.309305 573.3772044 0
   1835.875942 581.221641 0
   1853.987035 546.7105644 0
   1858.042586 547.9216743 0
   1864.487024 549.8550057 0
   1871.153684 541.221681 0
   1933.142511 542.0105691 0
   1933.142511 520.0439244 0
   1913.542531 519.4883694 0
   1865.698134 518.5217037 0
   1798.220424 517.1550384 0
   1798.098202 523.8439206 0
   1798.064869 530.4772473 0
Hoke_Sloan_Tennis_Center 4
   899.776878 1198.098802 0
   897.7546578 1185.443259 0
   926.2879626 1182.354373 0
   928.3101828 1195.021027 0
Holmes_Hall 9
   1055.898944 805.3547502 0
   1063.754492 853.999146 0
   1103.63223 849.6991503 0
   1113.998886 849.0880398 0
   1111.865555 829.888059 0
   1096.543348 831.4547241 0
   1084.421138 833.2102779 0
   1081.154474 802.8658638 0
   1074.898925 803.3547522 0
Holtzendorff_Hall 18
   1182.343262 1140.832192 0
   1212.487676 1138.054417 0
   1214.709896 1154.409957 0
   1226.698773 1153.309958 0
   1226.087663 1148.821073 0
   1238.998761 1147.632186 0
   1237.954318 1139.932193 0
   1233.743211 1140.321082 0
   1231.232102 1121.809989 0
   1233.776544 1121.576656 0
   1232.42099 1111.565555 0
   1219.776558 1112.721109 0
   1219.221003 1108.58778 0
   1209.632124 1109.465557 0
   1211.287678 1121.60999 0
   1211.765455 1125.132208 0
   1180.598819 1127.998872 0
   1181.543263 1134.921087 0
Howard_L_Hunter_Chemistry_Laboratory 8
   1092.310019 578.1883107 0
   1082.62114 579.1549764 0
   1083.565583 585.0660816 0
   1020.598979 591.8660748 0
   1018.665648 581.554974 0
   1010.721212 539.3883495 0
   1017.643427 538.4883504 0
   1015.85454 530.8105803 0
Hunter_Auditorium 3
   1065.176713 555.5105556 0
   1060.265606 526.7439177 0
   1026.46564 530.5883583 0
Indoor_Football_Practice_Facility 4
   0 536.2550193 0
   15.8777619 476.4773013 0
   166.2442782 503.4772743 0
   150.3776274 563.2661034 0
John_C._Calhoun's_Office 4
   1080.854475 709.0437354 0
   1089.143355 708.4659582 0
   1088.332245 699.7548558 0
   1080.043364 700.2326331 0
Johnstone_Hall 7
   1162.22106 912.5435319 0
   1173.865493 988.5323448 0
   1181.787707 987.665679 0
   1186.409925 1029.376748 0
   1204.876573 1028.154527 0
   1201.487687 999.6545559 0
   1186.932146 909.9768678 0
Jordan_Hall 17
   1570.987318 639.4771383 0
   1574.253981 662.9660037 0
   1560.520662 664.2548913 0
   1563.498436 685.7104254 0
   1578.68731 684.2770935 0
   1582.009529 708.1437363 0
   1586.187303 707.7548478 0
   1586.842858 712.5103986 0
   1595.565071 711.6881772 0
   1594.809516 706.2770715 0
   1617.520605 704.1437403 0
   1608.109503 636.4882524 0
   1589.331744 638.2549173 0
   1588.709522 633.777144 0
   1581.487307 634.4549211 0
   1573.598426 635.1993648 0
   1574.153981 639.1771386 0
Kinard_Laboratory_of_Physics 14
   1448.631885 703.8659628 0
   1460.376317 702.9437415 0
   1460.80965 708.1881807 0
   1461.20965 713.0103981 1
   1473.376304 711.6992883 1
   1473.098527 707.2437372 0
   1472.731861 701.2437432 0
   1554.44289 692.7993072 0
   1552.231781 674.9659917 0
   1517.37626 679.7659869 0
   1515.55404 672.1437723 0
   1505.131828 673.7104374 0
   1506.242938 679.4104317 0
   1445.598554 685.2437592 0
Lee_Gallery 5
   1124.14332 407.6107035 0
   1120.176658 398.7884901 0
   1179.254376 382.7662839 0
   1184.632149 390.5218317 1
   1150.421072 400.1884887 0
Lee_III 4
   1038.610073 302.5330308 0
   1017.154538 250.333083 0
   1079.443365 231.9442125 0
   1132.187757 275.8219464 0
Lehotsky_Hall 12
   1467.798532 330.2107809 0
   1471.609639 331.777446 0
   1470.665196 334.9218873 0
   1495.45406 342.7663239 0
   1496.409615 340.4107707 0
   1501.176277 341.1885477 0
   1547.909563 243.9442005 0
   1544.098456 242.3664243 0
   1545.042899 239.2330941 0
   1520.254035 231.3886575 0
   1518.342926 234.5330988 0
   1514.531819 233.7442107 0
Lever_Hall 9
   1913.064754 638.0104731 0
   1916.475861 634.5215877 0
   1916.475861 610.4771673 0
   1913.064754 607.1549484 0
   1885.45367 607.1549484 0
   1882.12034 610.5660561 0
   1882.12034 628.1549274 0
   1882.12034 634.5215877 0
   1885.531448 638.0882508 0
Life_Sciences_Building 10
   1625.842819 233.8330995 0
   1666.320556 151.7887371 0
   1667.353888 143.9443005 0
   1635.709475 134.9776428 0
   1625.265041 137.9109732 0
   1585.820636 220.7220015 0
   1594.131739 223.33311 0
   1591.842853 227.7997722 1
   1614.198386 234.5886543 0
   1617.042827 231.6442128 0
Lightsey_Bridge 23
   2353.475424 344.3663223 0
   2367.842077 357.7885311 0
   2370.564296 355.8218664 0
   2375.830958 360.7440837 0
   2389.708721 350.6996493 0
   2386.642058 347.8218744 0
   2388.453167 346.5107646 0
   2386.008725 344.221878 0
   2387.364279 343.2441012 0
   2383.353172 339.4996605 0
   2380.330953 339.4996605 0
   2383.897616 336.9218853 0
   2382.397618 335.5107756 0
   2380.464286 336.9218853 0
   2372.61985 329.5885593 0
   2371.230962 330.5885583 0
   2369.619853 329.0885598 0
   2367.908743 330.3218919 0
   2360.575417 323.4774543 0
   2351.542093 330.0107811 0
   2355.808755 333.9885549 0
   2351.653204 336.9885519 0
   2356.897643 341.888547 0
Lightsey_Bridge_i 56
   2310.853245 300.3996996 0
   2321.353234 296.7663699 0
   2319.297681 292.7219295 0
   2322.086567 291.7552638 0
   2325.35323 298.1441463 0
   2324.475453 299.2997007 0
   2327.175451 304.3885845 0
   2323.242121 305.7996942 0
   2325.997674 310.9774668 0
   2335.819886 307.4330259 0
   2337.442107 310.4774673 0
   2347.597652 306.8219154 0
   2345.75321 303.3552522 0
   2353.753202 300.4774773 0
   2351.997648 297.1885917 0
   2357.886531 295.0663716 0
   2356.442088 292.3663743 0
   2360.09764 291.0441534 0
   2358.053198 287.1997128 0
   2352.508759 289.1997108 0
   2350.830983 286.0441584 0
   2346.997653 287.4219348 0
   2345.108766 283.888605 0
   2335.808775 287.2330461 0
   2337.519885 290.444154 0
   2328.975449 293.5330398 0
   2330.553225 296.4997035 0
   2329.886559 297.1441473 0
   2329.842115 298.4552571 0
   2329.097671 297.666369 0
   2328.375449 297.9219243 0
   2324.853231 291.1663755 0
   2325.586563 290.8997091 0
   2322.575455 285.1330482 0
   2326.586562 283.7219385 0
   2324.24212 279.2330541 0
   2314.297686 282.7441617 0
   2312.408799 279.110832 0
   2304.14214 282.0330513 0
   2302.753253 279.3774984 0
   2293.186596 282.7441617 0
   2294.74215 285.7219365 0
   2289.719933 287.4886014 0
   2288.242156 284.6441598 0
   2286.708824 285.1886037 0
   2288.197712 288.0441564 0
   2284.653271 289.2997107 0
   2286.975491 293.7441507 0
   2290.831043 292.3885965 0
   2292.131041 294.8663718 0
   2289.89771 300.2885886 0
   2295.719927 301.8996981 0
   2298.064369 296.1774816 0
   2299.364367 295.7330376 0
   2301.464365 299.8330335 0
   2309.197691 297.1552584 0
Lightsey_Bridge_ii 6
   2457.553098 441.3884475 0
   2473.453082 441.5662251 0
   2473.575304 434.4773433 0
   2483.164184 434.5773432 0
   2483.397517 420.5773572 0
   2457.908653 420.2884686 0
Littlejohn_Coliseum 44
   168.7109424 1001.965665 0
   168.7998312 1012.643432 0
   170.5998294 1021.998978 0
   174.7998252 1033.198967 0
   183.3553722 1029.510082 0
   181.333152 1047.632286 0
   206.0442384 1049.421173 0
   200.0331333 1054.554501 0
   211.4886774 1061.221161 0
   226.0664406 1065.110046 0
   242.2886466 1066.676711 0
   260.3997396 1065.887823 0
   274.7108364 1061.11005 0
   270.7997292 1055.743389 0
   293.1219291 1057.321165 0
   295.888593 1037.732296 0
   301.4108097 1042.365624 0
   307.1330262 1042.365624 0
   313.8107973 1032.954523 0
   318.5774592 1022.765644 0
   320.0552355 1006.987882 0
   318.3774594 992.6434518 0
   311.7996882 979.9545756 0
   302.1219201 984.6767931 0
   304.2552513 965.2879236 0
   290.0885988 963.9323694 0
   282.7552728 963.1657035 0
   287.4108237 958.5323748 0
   275.3108358 952.2990477 0
   278.6108325 945.3546102 0
   303.2663634 947.6434968 0
   305.8552497 922.1435223 0
   255.2441892 917.6990823 0
   203.7664629 913.5213087 0
   200.6109105 938.5212837 0
   225.55533 941.0323923 0
   227.7331056 947.9434965 0
   212.6553429 952.3546032 0
   217.4886714 957.665709 0
   192.7886961 955.8101553 0
   190.6109205 975.1323582 0
   185.7887031 970.3434741 0
   176.110935 980.8545747 0
   171.1776066 991.2323421 0
Littlejohn_House 4
   1600.253955 1181.432152 0
   1603.109508 1189.276588 0
   1627.909483 1183.787705 0
   1625.042819 1174.376603 0
Long_Hall 9
   1548.265118 772.999227 0
   1616.131717 765.999234 0
   1609.687279 723.777054 0
   1587.909523 726.0214962 0
   1591.60952 750.2881386 0
   1567.342877 752.7881361 0
   1563.653992 728.5770492 0
   1541.831792 730.8214914 0
   1546.931786 764.2547913 0
Lowry_Hall 12
   1148.598851 470.8328625 0
   1225.032108 449.6551059 0
   1198.58769 385.110726 0
   1204.44324 383.4885054 0
   1199.165468 370.6107405 0
   1179.132154 375.5107356 0
   1184.632149 390.5218317 1
   1188.343256 389.5884993 0
   1199.376578 416.5329168 0
   1207.432126 435.9217863 0
   1172.643272 445.6995543 0
   1141.798858 454.2439902 0
Manning_Hall 8
   1842.298158 637.3660293 0
   1814.631519 637.3660293 0
   1809.864857 642.8549127 0
   1810.820411 662.4660042 0
   1817.498182 667.9548876 0
   1840.387048 667.1659995 0
   1847.06482 663.2437812 0
   1847.06482 642.0660246 0
Martin_Hall 22
   1448.376329 825.5880633 0
   1460.309651 824.2991757 0
   1471.554084 823.0880658 0
   1467.509644 797.7103134 0
   1466.609645 792.0880968 0
   1465.865201 787.3658793 0
   1465.442979 784.7325486 0
   1475.209636 783.6769941 0
   1469.365197 747.0325863 0
   1468.820753 743.6103675 0
   1473.03186 743.1548124 0
   1478.298522 742.5881463 0
   1474.654081 719.6770581 0
   1473.376304 711.6992883 1
   1461.20965 713.0103981 1
   1448.365218 714.3881745 0
   1453.620769 747.3436971 0
   1454.531879 753.0770247 0
   1445.387443 754.0659126 0
   1450.798549 788.0214342 0
   1451.742993 793.9547616 0
   1443.476334 794.8436496 0
Mauldin_Hall 4
   1703.43163 746.3436981 0
   1758.476019 746.1659205 0
   1758.376019 726.0214962 0
   1703.342741 726.1881627 0
McAdams_Hall 41
   1528.920693 511.4772663 0
   1536.542908 513.0439314 0
   1535.587353 516.1772616 0
   1544.176234 519.3217029 0
   1546.087343 516.1772616 0
   1563.253992 521.666145 0
   1561.342883 525.5883633 0
   1571.831762 527.1550284 0
   1572.787316 524.8105863 0
   1596.631737 531.0772467 0
   1604.253951 514.6105965 0
   1609.976168 516.1772616 0
   1616.653939 506.7661599 0
   1607.120615 505.1994948 0
   1615.698384 488.7328446 0
   1573.742871 474.6106365 0
   1576.598423 466.7661999 0
   1589.953966 469.1217531 0
   1598.531735 451.8662148 0
   1590.90952 449.5106616 0
   1602.353953 425.9884629 0
   1609.020613 428.3440161 0
   1618.565048 409.5218127 0
   1577.553978 396.1884927 0
   1571.831762 406.3773714 0
   1561.342883 402.4551531 0
   1560.387328 405.5995944 0
   1556.576221 404.0218182 0
   1550.854005 415.0106961 0
   1554.665112 416.5773612 0
   1552.754003 419.7106914 0
   1557.531776 421.2773565 0
   1544.176234 449.5106616 0
   1540.365126 448.7328846 0
   1538.454017 451.8662148 0
   1542.265124 453.4328799 0
   1549.89845 467.555088 0
   1547.987341 470.6884182 0
   1553.709557 471.4773063 0
   1542.265124 495.7883931 0
   1536.542908 494.221728 0
McCabe_Hall 19
   1117.643327 832.7436117 0
   1119.354436 845.55471 0
   1128.521094 844.6880442 0
   1128.198872 842.3547132 0
   1140.487748 841.1991588 0
   1140.787748 843.3213789 0
   1151.698848 842.2880466 0
   1151.398849 840.1213821 0
   1156.26551 839.665827 0
   1159.28773 861.3213609 0
   1170.343274 860.2769175 0
   1170.676607 862.6880262 0
   1176.954379 862.0991379 0
   1183.776594 861.2658054 0
   1176.087713 816.9658497 0
   1150.976627 819.2547363 0
   1151.054405 820.999179 0
   1120.443324 824.3880645 0
   1121.554434 832.2769455 0
McHugh_Natatorium 12
   704.554851 991.665675 1
   706.7548488 973.8545817 0
   710.6326227 974.1879147 0
   711.0215112 971.0656956 0
   711.7881771 964.8323685 0
   774.0214482 970.0323633 0
   773.1325602 977.2768005 0
   780.0103311 977.8545777 0
   778.999221 985.9434585 0
   793.9547616 987.1990128 0
   792.4880964 999.0323343 1
   728.7992712 993.6990063 1
Mell_Hall 9
   1215.876562 1191.121031 0
   1223.343221 1190.487698 0
   1224.065443 1196.209915 0
   1245.765421 1194.365472 0
   1243.043201 1172.598827 0
   1238.98765 1172.943272 0
   1222.332111 1174.354381 0
   1223.13211 1180.70993 0
   1214.665452 1181.432152 0
Motor_Pool 5
   898.7546568 1043.832289 0
   922.5435219 1042.543402 1
   920.9435235 1031.176747 1
   917.0101941 996.8545587 0
   894.8991051 997.887891 0
Motor_Pool_b 6
   838.4324949 1015.243429 0
   838.6547169 1022.310089 0
   844.6880442 1022.176756 0
   844.8991551 1028.943415 0
   887.5768902 1028.021194 0
   887.1324462 1014.187875 0
National_Dropout_Prevention_Center 4
   1991.00912 1218.832114 0
   2000.631333 1221.40989 0
   2006.897993 1207.321015 0
   1996.242448 1203.365463 0
Newman_Hall 8
   1644.231689 400.7995992 0
   1706.220516 421.1884677 0
   1716.709394 398.444046 0
   1702.398298 392.1773856 0
   1721.476056 352.1774256 0
   1737.687151 356.8774209 0
   1750.087139 334.1329992 0
   1682.376095 312.9552426 0
Norris_Hall 4
   1035.243409 1016.910094 0
   1106.798893 1009.754546 0
   1104.54334 994.4878944 0
   1032.976745 1001.654554 0
Olin_Hall 12
   1297.309814 726.8992731 0
   1306.476471 725.9881629 0
   1307.054249 728.7659379 0
   1315.576462 728.2770495 0
   1315.032018 725.6103855 0
   1321.420901 724.665942 0
   1315.765351 677.3993226 0
   1290.965376 679.7548758 0
   1293.198707 695.7548598 0
   1291.50982 695.9770818 0
   1292.865374 710.9548446 0
   1295.298705 710.7326226 0
Palmetto's_Smokehouse_and_Oyster_Bar 4
   1252.243192 1211.809899 0
   1218.087671 1225.420997 0
   1232.543212 1239.732094 0
   1238.143206 1231.443213 0
Poole_Agricultural_Center 12
   1554.665112 297.221925 0
   1566.109545 301.1441433 0
   1560.387328 313.6885752 0
   1583.276194 321.5330118 0
   1588.042856 311.3441331 0
   1647.16502 327.0218952 0
   1681.498319 257.221965 0
   1648.120574 247.0219752 0
   1650.031683 240.7553148 0
   1629.042815 232.9108782 0
   1625.231708 239.9664267 0
   1588.998411 227.4219948 0
President's_House 8
   1955.598044 791.7658749 0
   1975.209136 791.6325417 0
   1975.264691 797.1325362 0
   1988.642456 797.0325363 0
   1988.598011 793.4992065 0
   1993.709117 793.4658732 0
   1993.609118 782.8436616 0
   1955.520267 783.0992169 0
Redfern_Health_Center 24
   1641.142803 508.4661582 0
   1649.142795 510.9106002 0
   1646.098354 517.6550379 0
   1680.220542 528.0661386 0
   1697.220525 490.3883985 0
   1689.531644 488.0439564 0
   1690.931642 484.9550706 0
   1697.131636 486.8439576 0
   1698.976079 482.777295 0
   1693.142751 480.9884079 0
   1695.842749 474.999525 0
   1712.531621 480.0884088 0
   1719.520503 464.5995354 0
   1669.264997 449.2773285 0
   1667.609444 452.9439915 0
   1659.909451 450.5995494 0
   1657.487231 455.9550996 0
   1664.609447 458.1328752 0
   1661.809449 464.3550912 0
   1678.253877 469.3661973 0
   1672.353883 482.443962 0
   1663.553892 479.7550758 0
   1652.765014 503.666163 0
   1644.453911 501.1328322 0
Rhodes_Annex 15
   1256.343188 581.4105297 1
   1255.365411 572.6438718 0
   1251.398749 573.0105381 0
   1246.165421 534.9327984 0
   1248.798751 534.6883542 0
   1248.020974 528.9883599 0
   1261.30985 527.7550278 0
   1261.943183 532.3661343 0
   1269.320953 531.6772461 0
   1273.13206 559.3883295 0
   1268.643176 559.7994402 0
   1270.054286 570.0772077 0
   1277.920944 569.8660968 0
   1278.420944 574.3994256 0
   1278.932054 578.9438655 0
Rhodes_Engineering_Center 6
   1260.976517 637.8549177 0
   1286.720936 634.6215876 0
   1276.498723 579.3660873 1
   1250.754305 582.5994174 0
   1253.63208 598.1771796 0
   1259.298741 628.7882601 0
Riggs_Hall 9
   1197.632136 629.2660374 0
   1194.454361 611.1660555 0
   1171.809939 613.8549417 0
   1178.309933 650.8771269 0
   1243.73209 643.0993569 0
   1241.598758 630.9771468 0
   1237.398763 607.0993929 0
   1215.076563 609.7438347 0
   1218.087671 626.8327065 0
Robert_Muldrow_Cooper_Library 6
   1414.64303 621.999378 0
   1404.84304 557.6772201 0
   1326.732007 565.7327676 0
   1336.531997 630.0549255 0
   1365.909745 626.9771508 0
   1385.054171 625.0215972 0
Sanders_Hall 7
   877.1991228 727.9326054 0
   882.8435616 727.5881613 0
   922.5435219 723.4881654 0
   921.3213009 714.8437296 0
   919.7990802 704.4659622 0
   879.8546757 708.9548466 0
   874.5435699 708.999291 0
Schilletter_Dining_Hall 5
   1734.198266 645.8326875 0
   1790.453765 646.0326873 0
   1790.575987 623.3993766 0
   1790.687098 601.7105094 0
   1734.431599 601.5105096 0
Shirley_Center_for_Philanthropy 16
   1549.331784 1223.109888 1
   1552.431781 1228.187661 0
   1556.387333 1226.587662 0
   1560.798439 1233.887655 0
   1559.220663 1234.532099 0
   1560.553995 1236.732097 0
   1558.542886 1237.554318 0
   1559.765107 1239.554316 0
   1547.509564 1244.565422 0
   1546.087343 1242.22098 0
   1545.320677 1242.532091 0
   1544.187345 1240.665426 0
   1542.509569 1241.343203 0
   1538.287351 1234.34321 0
   1541.376236 1233.087656 0
   1538.27624 1227.932105 1
Sikes_Hall 12
   1478.254077 879.0102321 0
   1482.076296 901.7546538 0
   1494.865172 900.0768777 0
   1494.965172 902.2657644 0
   1524.987364 900.1879887 0
   1524.865142 897.8991021 0
   1537.77624 896.8657698 0
   1533.576244 872.7435717 0
   1519.354036 874.3102368 0
   1518.065149 867.8657988 0
   1492.076286 870.4880184 0
   1493.254062 877.1213451 0
Simpson_Hall_North 4
   1136.598863 1056.932276 0
   1139.809971 1078.065589 0
   1159.887729 1075.998924 0
   1156.676621 1054.865612 0
Simpson_Hall_South 4
   1135.309976 1049.221173 0
   1154.865512 1047.854508 0
   1152.732181 1027.16564 0
   1133.176645 1028.532305 0
Sirrine_Hall 8
   1074.276704 624.5327088 0
   1079.710031 659.8104513 0
   1105.843339 657.0882318 0
   1096.954459 599.4771783 0
   990.4212318 610.5882783 0
   999.2767785 667.9882209 0
   1028.087861 664.9771128 0
   1022.676755 629.9104812 0
Sloan_Tennis_Center 13
   966.221256 1145.909965 0
   963.8657028 1146.16552 0
   969.8323635 1183.865483 0
   971.999028 1183.643261 0
   974.7879141 1201.887687 0
   1013.787875 1197.854358 0
   1020.09898 1197.198803 0
   1008.765658 1123.109988 0
   1005.65455 1123.43221 0
   1004.64344 1116.787772 0
   965.8323675 1120.798879 0
   966.8434776 1127.421095 0
   963.4545921 1127.765539 0
Smith_Hall 5
   1836.287053 750.9325824 0
   1836.587052 772.0658946 0
   1891.909219 771.5325618 0
   1891.60922 750.3992496 0
   1841.50927 750.8770269 0
Stadium_Suites 17
   879.0546765 800.3880885 0
   855.4991445 802.3214199 0
   855.4880334 803.8214184 0
   828.6880602 806.8214154 0
   828.4880604 804.999195 0
   820.8547347 805.665861 0
   815.5991844 803.33253 0
   814.7658519 798.4325349 0
   818.1547374 793.7658729 0
   812.0658546 743.4881454 0
   817.6991823 742.999257 0
   815.6991843 731.9770458 0
   838.4102727 729.777048 0
   846.5769312 782.5103286 0
   871.665795 780.0214422 0
   873.0213492 786.4103247 0
   876.9102342 786.1769916 0
Strode_Tower 4
   1510.842934 622.110489 0
   1532.154023 620.4660462 0
   1530.020692 601.9771758 0
   1509.165158 603.7216185 0
Strom_Thurmond_Institute 21
   1271.443173 442.110669 0
   1275.243169 463.7884251 0
   1275.498725 465.2439792 0
   1320.620902 460.8328725 0
   1368.831965 456.332877 0
   1362.876415 413.8218084 0
   1362.720859 412.6551429 0
   1353.087536 413.8218084 0
   1336.498663 415.8440286 0
   1336.643108 422.2218 0
   1333.809777 428.4662382 0
   1328.598671 434.5995654 0
   1320.654235 437.7217845 0
   1315.076463 438.8106723 0
   1311.5098 439.444005 0
   1308.132025 439.5328938 0
   1303.309808 438.8662278 0
   1298.398702 437.4106737 0
   1294.887594 436.1328972 0
   1291.132042 434.1328992 0
   1287.420935 430.555125 0
Student_Post_Office 4
   1085.010026 941.9101692 0
   1083.587805 931.8768459 0
   1095.498905 931.3990686 0
   1096.698903 941.0323923 0
The_Ridge 12
   1393.709717 1234.987654 0
   1414.020808 1263.154292 0
   1446.26522 1247.432086 0
   1449.976328 1252.565414 0
   1474.84297 1240.443204 0
   1479.265187 1246.576531 0
   1507.542937 1232.787656 0
   1487.820734 1205.421017 0
   1461.042983 1218.476559 0
   1456.420766 1212.054343 0
   1428.943016 1225.45433 0
   1424.865242 1219.79878 0
Thornhill_Village 4
   2385.842059 715.4215068 0
   2392.364274 709.0437354 0
   2376.308735 697.9548576 0
   2369.786519 704.332629 0
Tillman_Hall_and_Memorial_Chapel 15
   1265.487623 937.7546178 0
   1222.909888 941.9323914 0
   1226.120996 962.7879261 0
   1204.832129 965.2434792 0
   1206.509905 973.9212483 0
   1209.99879 999.5656671 0
   1219.954336 998.6878902 0
   1222.365444 1012.154543 0
   1242.965424 1009.910101 0
   1240.254315 996.4323369 0
   1258.932074 994.4767833 0
   1256.065411 979.1212431 0
   1272.165394 977.332356 0
   1271.576506 971.8545837 0
   1267.698732 946.5212757 0
Trustee_House 6
   1180.698819 794.1547614 0
   1200.332133 792.7658739 0
   1199.209912 782.0881068 0
   1189.409922 782.7881061 0
   1188.965478 778.4992215 0
   1179.132154 779.1992208 0
Vickery_Hall 10
   1631.00948 657.9882309 0
   1636.931696 701.221521 0
   1656.631677 699.4770783 0
   1656.642788 694.0659726 0
   1663.965003 696.4215258 0
   1669.553886 686.3104248 0
   1676.987212 685.6215366 0
   1672.853883 654.8549007 0
   1649.776128 646.8993531 0
   1645.242799 656.8660098 0
Visitors_Center 8
   1512.354043 1133.176645 1
   1526.942918 1131.10998 0
   1527.487361 1132.12109 0
   1545.520677 1129.576648 0
   1540.687348 1106.432227 0
   1521.709589 1109.121113 0
   1524.565142 1122.765544 0
   1510.587378 1124.732209 1
Wannamaker_Hall 4
   1029.587859 1094.654461 0
   1074.932258 1089.987799 0
   1072.976705 1077.098923 0
   1027.621195 1081.765585 0
Watt_Family_Innovation_Center 4
   1296.676481 555.7661109 0
   1287.154268 490.9772868 0
   1299.120923 489.99951 0
   1320.743124 553.6105575 0
Young_Hall 9
   938.7657279 745.8436986 0
   943.1879457 745.3548102 0
   953.8212684 744.2770335 0
   983.221239 741.221481 0
   981.7656849 731.3992686 0
   980.5656861 723.2881656 0
   945.9212763 725.8437186 0
   939.9101712 726.7326066 0
   935.5990644 727.0214952 0
